retrain:
  loss_base: 0.1279579024338329
  train_acc_base: 0.947441307106599
