retrain:
  loss_base: 0.0028396507774615136
  train_acc_base: 0.9981897676112288
