retrain:
  loss_base: 0.1247635714208641
  train_acc_base: 0.9470683296319797
